  0.5006362124
  0.4420381782
  0.3902936820
  0.3446135223
  0.3042934187
  0.2687058573
  0.2373100161
  0.2095987540
  0.1851409702
  0.1635487904
  0.1444685312
  0.1276039929
  0.1126953296
  0.0995324117
  0.0878960571
  0.0776034960
  0.0685024013
  0.0604589680
  0.0533324178
  0.0470192588
  0.0414462125
  0.0365278764
  0.0321776752
  0.0283451868
  0.0249835383
  0.0220129235
  0.0193824569
  0.0170734547
  0.0150623545
  0.0133147905
  0.0117735615
  0.0104380257
  0.0092935503
  0.0083154089
  0.0074730840
  0.0067416644
  0.0061274015
  0.0055790540
  0.0050702916
  0.0045913435
  0.0041405916
  0.0037282817
  0.0033624073
  0.0030377799
  0.0027258399
  0.0024229928
  0.0021491942
  0.0018953660
  0.0016396928
  0.0013874083
  0.0011398697
  0.0009075828
  0.0006740431
  0.0004263254
  0.0001914160
 -0.0000224735
 -0.0001996801
 -0.0003475575
 -0.0004582281
 -0.0005554792
 -0.0006377180
 -0.0006813363
 -0.0007257783
 -0.0007710847
 -0.0008092185
 -0.0008365302
 -0.0008858431
 -0.0009159292
 -0.0009335538
 -0.0009522788
 -0.0009523492
 -0.0009240606
 -0.0008736421
 -0.0007851075
 -0.0006644170
 -0.0005195473
 -0.0003589859
 -0.0002037202
 -0.0000473864
  0.0001070262
  0.0002521577
  0.0003956032
  0.0005264098
  0.0006476159
  0.0007554313
  0.0008284965
  0.0008642172
  0.0008641426
  0.0008495712
  0.0008024902
  0.0007427940
  0.0006810767
  0.0006126316
  0.0005434639
  0.0004889610
  0.0004485090
  0.0004289722
  0.0004199423
  0.0004130044
  0.0004147204
  0.0004343230
  0.0004610717
  0.0004706864
  0.0004527556
  0.0004170038
  0.0003689820
  0.0003016222
  0.0002265542
  0.0001254110
  0.0000060271
 -0.0001371062
 -0.0002691721
 -0.0003817954
 -0.0004688337
 -0.0005513503
 -0.0006105543
 -0.0006562697
 -0.0006354414
 -0.0005530980
 -0.0004322455
 -0.0002927266
 -0.0001468097
 -0.0000044432
  0.0001304117
  0.0002623726
  0.0003754793
  0.0004629708
  0.0005371013
  0.0006001673
  0.0006555561
  0.0007159854
  0.0007876870
  0.0008746230
  0.0009475587
  0.0010100312
  0.0010598443
  0.0011204787
  0.0011557903
  0.0011818278
  0.0012167328
  0.0012451291
  0.0012863512
  0.0013274438
  0.0013817757
  0.0014548583
  0.0015401948
  0.0016235087
  0.0017097382
  0.0018103793
  0.0019003262
  0.0019837262
  0.0020341001
  0.0020525264
  0.0020333684
  0.0020118387
  0.0019898832
  0.0019710589
  0.0019634619
  0.0019590380
  0.0019516254
  0.0019427947
  0.0019221553
  0.0019079214
  0.0018942585
  0.0018735750
  0.0018944765
  0.0019509860
  0.0020008529
  0.0020598274
  0.0021266132
  0.0021927388
  0.0022377381
  0.0022803165
  0.0022937539
  0.0022747257
  0.0022259454
  0.0021439214
  0.0020328431
  0.0019241978
  0.0018285204
  0.0017306423
  0.0016138342
  0.0014850318
  0.0013248358
  0.0011317001
  0.0009193777
  0.0006823136
  0.0004643929
  0.0002514668
  0.0000598517
 -0.0001035982
 -0.0002391956
 -0.0003480316
 -0.0004518130
 -0.0005372182
 -0.0006139238
 -0.0006790083
 -0.0007330055
 -0.0007730562
 -0.0007937839
 -0.0007880869
 -0.0007657384
 -0.0007213080
 -0.0006727896
 -0.0006112273
 -0.0005482269
 -0.0004718092
 -0.0004027058
 -0.0003552740
 -0.0003024244
 -0.0002404956
 -0.0001994946
 -0.0001716188
 -0.0001697419
 -0.0002014293
 -0.0002755824
 -0.0003835353
 -0.0005250739
 -0.0006778675
 -0.0008228245
 -0.0009809566
 -0.0011393954
 -0.0012734984
 -0.0013903967
 -0.0014829082
 -0.0015514253
 -0.0016290037
 -0.0017064501
 -0.0017679242
 -0.0018010526
 -0.0018100733
 -0.0018218093
 -0.0018222955
 -0.0018224073
 -0.0018077209
 -0.0017611574
 -0.0016847443
 -0.0015862721
 -0.0014530355
 -0.0013102897
 -0.0011878440
 -0.0011026720
 -0.0010417838
 -0.0010029593
 -0.0009742344
 -0.0009533782
 -0.0009495156
 -0.0009860078
 -0.0010851374
 -0.0011952815
 -0.0013161453
 -0.0014274552
 -0.0015286197
 -0.0016237659
 -0.0017025153
 -0.0017428313
 -0.0017500509
 -0.0017428313
 -0.0017025153
 -0.0016237659
 -0.0015286197
 -0.0014274552
 -0.0013161453
 -0.0011952815
 -0.0010851374
 -0.0009860078
 -0.0009495156
 -0.0009533782
 -0.0009742344
 -0.0010029593
 -0.0010417838
 -0.0011026720
 -0.0011878440
 -0.0013102897
 -0.0014530355
 -0.0015862721
 -0.0016847443
 -0.0017611574
 -0.0018077209
 -0.0018224073
 -0.0018222955
 -0.0018218093
 -0.0018100733
 -0.0018010526
 -0.0017679242
 -0.0017064501
 -0.0016290037
 -0.0015514253
 -0.0014829082
 -0.0013903967
 -0.0012734984
 -0.0011393954
 -0.0009809566
 -0.0008228245
 -0.0006778675
 -0.0005250739
 -0.0003835353
 -0.0002755824
 -0.0002014293
 -0.0001697419
 -0.0001716188
 -0.0001994946
 -0.0002404956
 -0.0003024244
 -0.0003552740
 -0.0004027058
 -0.0004718092
 -0.0005482269
 -0.0006112273
 -0.0006727896
 -0.0007213080
 -0.0007657384
 -0.0007880869
 -0.0007937839
 -0.0007730562
 -0.0007330055
 -0.0006790083
 -0.0006139238
 -0.0005372182
 -0.0004518130
 -0.0003480316
 -0.0002391956
 -0.0001035982
  0.0000598517
  0.0002514668
  0.0004643929
  0.0006823136
  0.0009193777
  0.0011317001
  0.0013248358
  0.0014850318
  0.0016138342
  0.0017306423
  0.0018285204
  0.0019241978
  0.0020328431
  0.0021439214
  0.0022259454
  0.0022747257
  0.0022937539
  0.0022803165
  0.0022377381
  0.0021927388
  0.0021266132
  0.0020598274
  0.0020008529
  0.0019509860
  0.0018944765
  0.0018735750
  0.0018942585
  0.0019079214
  0.0019221553
  0.0019427947
  0.0019516254
  0.0019590380
  0.0019634619
  0.0019710589
  0.0019898832
  0.0020118387
  0.0020333684
  0.0020525264
  0.0020341001
  0.0019837262
  0.0019003262
  0.0018103793
  0.0017097382
  0.0016235087
  0.0015401948
  0.0014548583
  0.0013817757
  0.0013274438
  0.0012863512
  0.0012451291
  0.0012167328
  0.0011818278
  0.0011557903
  0.0011204787
  0.0010598443
  0.0010100312
  0.0009475587
  0.0008746230
  0.0007876870
  0.0007159854
  0.0006555561
  0.0006001673
  0.0005371013
  0.0004629708
  0.0003754793
  0.0002623726
  0.0001304117
 -0.0000044432
 -0.0001468097
 -0.0002927266
 -0.0004322455
 -0.0005530980
 -0.0006354414
 -0.0006562697
 -0.0006105543
 -0.0005513503
 -0.0004688337
 -0.0003817954
 -0.0002691721
 -0.0001371062
  0.0000060271
  0.0001254110
  0.0002265542
  0.0003016222
  0.0003689820
  0.0004170038
  0.0004527556
  0.0004706864
  0.0004610717
  0.0004343230
  0.0004147204
  0.0004130044
  0.0004199423
  0.0004289722
  0.0004485090
  0.0004889610
  0.0005434639
  0.0006126316
  0.0006810767
  0.0007427940
  0.0008024902
  0.0008495712
  0.0008641426
  0.0008642172
  0.0008284965
  0.0007554313
  0.0006476159
  0.0005264098
  0.0003956032
  0.0002521577
  0.0001070262
 -0.0000473864
 -0.0002037202
 -0.0003589859
 -0.0005195473
 -0.0006644170
 -0.0007851075
 -0.0008736421
 -0.0009240606
 -0.0009523492
 -0.0009522788
 -0.0009335538
 -0.0009159292
 -0.0008858431
 -0.0008365302
 -0.0008092185
 -0.0007710847
 -0.0007257783
 -0.0006813363
 -0.0006377180
 -0.0005554792
 -0.0004582281
 -0.0003475575
 -0.0001996801
 -0.0000224735
  0.0001914160
  0.0004263254
  0.0006740431
  0.0009075828
  0.0011398697
  0.0013874083
  0.0016396928
  0.0018953660
  0.0021491942
  0.0024229928
  0.0027258399
  0.0030377799
  0.0033624073
  0.0037282817
  0.0041405916
  0.0045913435
  0.0050702916
  0.0055790540
  0.0061274015
  0.0067416644
  0.0074730840
  0.0083154089
  0.0092935503
  0.0104380257
  0.0117735615
  0.0133147905
  0.0150623545
  0.0170734547
  0.0193824569
  0.0220129235
  0.0249835383
  0.0283451868
  0.0321776752
  0.0365278764
  0.0414462125
  0.0470192588
  0.0533324178
  0.0604589680
  0.0685024013
  0.0776034960
  0.0878960571
  0.0995324117
  0.1126953296
  0.1276039929
  0.1444685312
  0.1635487904
  0.1851409702
  0.2095987540
  0.2373100161
  0.2687058573
  0.3042934187
  0.3446135223
  0.3902936820
  0.4420381782
