  0.4471413695
  0.1708693837
  0.0654537364
  0.0253799059
  0.0100017782
  0.0039392169
  0.0015588658
  0.0009243961
  0.0004838518
  0.0003208944
  0.0000738379
  0.0000255160
  0.0002135275
  0.0002819538
  0.0002266354
  0.0004359756
  0.0004023552
  0.0004105931
  0.0002856622
  0.0000257601
 -0.0001243115
 -0.0000909796
 -0.0001997656
 -0.0000511830
  0.0001181644
  0.0002477267
  0.0003334454
  0.0001898177
  0.0003147205
  0.0004040443
  0.0003565386
  0.0006645464
  0.0008871957
  0.0006645464
  0.0003565386
  0.0004040443
  0.0003147205
  0.0001898177
  0.0003334454
  0.0002477267
  0.0001181644
 -0.0000511830
 -0.0001997656
 -0.0000909796
 -0.0001243115
  0.0000257601
  0.0002856622
  0.0004105931
  0.0004023552
  0.0004359756
  0.0002266354
  0.0002819538
  0.0002135275
  0.0000255160
  0.0000738379
  0.0003208944
  0.0004838518
  0.0009243961
  0.0015588658
  0.0039392169
  0.0100017782
  0.0253799059
  0.0654537364
  0.1708693837
