  0.4842648372
  0.2949667847
  0.1797226043
  0.1094761736
  0.0667323427
  0.0407399076
  0.0249230706
  0.0151830920
  0.0093541071
  0.0059148281
  0.0038884473
  0.0027118718
  0.0020287857
  0.0015544690
  0.0010571096
  0.0005984374
  0.0002780244
  0.0001002329
  0.0000213614
  0.0000128076
  0.0000960778
  0.0000973346
  0.0000383873
  0.0000505968
  0.0000637983
  0.0000706531
  0.0001954004
  0.0002690820
  0.0003664422
  0.0003974270
  0.0003880436
  0.0004274991
  0.0004494312
  0.0006042982
  0.0006968852
  0.0007551574
  0.0006556151
  0.0005595147
  0.0004880654
  0.0003919897
  0.0003495353
  0.0003793003
  0.0003676302
  0.0002485829
  0.0000050359
 -0.0002371506
 -0.0003471488
 -0.0003283377
 -0.0001798655
 -0.0001199750
 -0.0000454564
 -0.0001156526
 -0.0001110696
 -0.0002009826
 -0.0003201563
 -0.0004229863
 -0.0003306030
 -0.0001428028
  0.0001615226
  0.0002779844
  0.0001632183
  0.0000006164
 -0.0000444564
  0.0000319122
  0.0000430658
  0.0000319122
 -0.0000444564
  0.0000006164
  0.0001632183
  0.0002779844
  0.0001615226
 -0.0001428028
 -0.0003306030
 -0.0004229863
 -0.0003201563
 -0.0002009826
 -0.0001110696
 -0.0001156526
 -0.0000454564
 -0.0001199750
 -0.0001798655
 -0.0003283377
 -0.0003471488
 -0.0002371506
  0.0000050359
  0.0002485829
  0.0003676302
  0.0003793003
  0.0003495353
  0.0003919897
  0.0004880654
  0.0005595147
  0.0006556151
  0.0007551574
  0.0006968852
  0.0006042982
  0.0004494312
  0.0004274991
  0.0003880436
  0.0003974270
  0.0003664422
  0.0002690820
  0.0001954004
  0.0000706531
  0.0000637983
  0.0000505968
  0.0000383873
  0.0000973346
  0.0000960778
  0.0000128076
  0.0000213614
  0.0001002329
  0.0002780244
  0.0005984374
  0.0010571096
  0.0015544690
  0.0020287857
  0.0027118718
  0.0038884473
  0.0059148281
  0.0093541071
  0.0151830920
  0.0249230706
  0.0407399076
  0.0667323427
  0.1094761736
  0.1797226043
  0.2949667847
