43.519048
42.223156
60.450715
70.421544
63.934023
67.618900
69.319894
74.451645
61.159197
54.953331
59.087345
55.398057
55.663248
47.228746
48.115688
56.458691
57.644402
57.723667
57.495718
61.988998
58.672320
60.226774
65.018401
66.364890
70.871465
68.616527
67.438878
66.835593
63.598921
54.477277
61.046496
61.590412
58.003387
65.452123
67.583027
65.710224
72.409657
77.908438
57.128698
62.387467
68.362618
55.776415
53.689173
53.537675
48.644522
48.576695
45.197195
48.754527
62.436177
62.020376
57.593256
66.355180
60.530074
60.641879
69.535410
72.452381
59.854940
62.974658
64.770783
68.248111
63.561132
78.082353
71.579152
63.684831
52.560603
51.516099
57.010826
63.823055
57.001848
52.044359
59.084365
68.213494
55.187558
51.652166
52.230329
63.169709
60.657345
52.553945
61.279775
71.038691
62.058130
61.194705
65.667730
59.756001
59.013164
63.464252
66.976744
65.303963
66.183620
70.122964
70.931642
73.072922
66.899403
65.851648
70.145572
63.437337
67.128470
68.288384
60.624340
56.022110
48.899596
58.172725
63.499166
58.373584
71.220530
69.441981
66.143198
62.306059
68.726387
64.664097
53.609715
62.532146
63.881015
64.053569
62.709346
64.675908
60.819088
57.788843
58.021539
58.482124
66.719014
73.840984
60.720449
59.632150
59.605852
63.403050
67.417958
64.200532
58.054556
59.077392
57.302556
55.733267
63.204511
65.432608
69.274237
61.690514
71.686754
68.264497
66.267528
70.976570
69.154804
70.618540
66.442031
67.136077
58.979775
60.899383
54.561628
54.314170
58.181042
61.951644
60.782045
54.792353
62.594601
59.818923
76.375017
75.838730
67.459250
63.121265
66.062804
67.411239
61.643862
69.905471
50.032821
56.284563
56.686364
54.614589
54.201551
66.533891
73.223365
71.084351
62.204566
57.357714
60.687913
54.841959
67.927368
58.497303
59.949676
59.831395
61.066695
58.039823
51.604818
46.402483
64.544108
69.351422
59.744073
60.351474
66.209356
67.124921
70.685733
53.262950
52.542359
56.790732
60.135275
55.279716
60.246399
70.824348
69.653567
79.191376
70.160657
75.631578
