8.372514
13.269387
18.188826
17.343424
24.090094
22.627285
26.741970
26.318109
27.674113
29.668392
33.186004
28.592889
33.910937
30.980185
32.262294
31.648768
40.128268
32.584652
23.789004
26.622773
25.344452
27.360186
23.158775
24.691099
28.227300
27.923683
28.563156
29.390429
27.697460
21.550137
27.500698
31.822091
28.845716
23.179345
28.267415
35.523546
35.200568
43.493398
45.299220
36.541898
36.853020
36.765026
40.243248
38.716463
40.879965
33.290849
36.550368
41.795245
37.102419
37.197428
38.045976
37.180306
40.360751
32.959726
35.474291
31.589171
32.624144
31.178553
40.900865
34.046814
35.365262
28.659622
24.409671
27.829044
28.228476
27.521164
26.345638
29.772865
27.458129
23.237452
28.371300
28.852178
29.021230
27.548722
26.951333
34.391220
32.643540
28.253761
31.339536
35.323170
39.679613
40.214519
34.461197
27.963204
28.388857
26.458003
25.338187
30.039347
28.370621
33.733208
32.377287
37.818917
39.041559
29.795535
35.919846
31.088497
36.587882
33.104960
39.563206
38.731470
