22.631065
25.847864
33.140652
28.805458
31.962903
30.476220
29.710937
32.780259
35.706418
38.752573
32.670947
28.429647
35.218944
29.494774
35.048903
30.295874
37.064220
28.137642
24.854954
29.738840
28.529561
30.271771
25.416738
29.775506
30.928286
28.633649
29.763487
32.472360
30.177876
23.542450
21.895014
29.076897
25.436908
22.334088
27.276941
32.206889
32.284942
39.383801
42.846092
35.446050
36.986801
36.348506
38.059603
36.165545
33.921735
32.607496
34.413470
35.908808
34.046666
39.371511
38.883061
40.269257
38.591198
31.937246
35.644547
33.795513
34.706492
32.834825
38.539604
33.269269
34.738359
28.919594
28.462234
33.146596
30.886814
27.736609
26.636554
30.582902
27.603370
21.538650
28.860474
27.730478
31.069892
27.989725
27.091082
38.465832
31.288403
27.660977
32.287801
29.493513
33.681865
33.316225
29.848147
27.040993
30.625135
29.884137
27.229226
25.638225
25.794138
34.713230
35.604215
43.812816
42.745160
26.493393
30.589966
28.568913
31.872625
30.493128
33.907672
34.464462
37.318866
35.745252
33.387019
37.916658
43.048132
42.031342
37.926697
26.312058
28.664982
38.202073
30.712882
29.317412
30.961358
26.377674
24.694114
25.054972
28.414596
28.373241
36.716694
30.492429
29.841721
27.008944
28.289848
27.566262
21.807816
21.294383
23.681182
26.666243
23.676254
26.590948
29.306542
35.260353
23.611299
23.058099
19.605176
19.483070
17.035922
18.027037
26.441085
26.879751
29.250897
32.876229
34.416397
33.399538
31.204025
26.985559
29.243468
34.727830
35.839463
35.658435
41.069736
36.056353
32.224133
34.271312
29.782684
31.480229
27.345704
29.239661
33.411609
39.507775
40.206705
39.974458
28.298154
35.290921
31.444137
34.571064
32.126073
28.833720
35.194567
36.804310
36.934192
43.970693
49.421059
49.023544
38.948577
41.688249
30.349620
36.281058
36.339097
39.025570
37.091725
36.772073
29.068904
27.199105
28.295881
32.836423
38.073066
39.427463
44.580737
41.496728
47.443053
36.549507
30.264246
32.507783
35.955358
31.056685
33.204423
27.178513
25.494258
23.481093
