100.781311
115.280944
98.107064
119.786196
129.234272
138.847644
118.754813
117.974302
124.161166
140.958193
140.857404
142.382450
155.787731
156.001020
149.836026
148.568526
145.456874
136.589862
138.688870
137.761458
135.465957
140.649767
124.947745
133.393219
139.671022
127.415863
134.372567
126.530490
114.225793
118.708488
128.783385
136.078424
126.626819
124.304069
121.252217
125.767557
115.733394
112.401404
123.454449
130.486958
135.762457
142.480393
149.502547
126.434621
133.802182
137.078977
132.239088
123.854609
109.503557
120.517825
121.456827
113.629775
125.969708
131.199023
134.592372
139.245025
133.174095
132.415629
139.453392
151.820313
161.172938
148.032306
150.748529
136.837524
155.868521
165.079973
165.705764
148.518938
141.242638
149.452821
137.656352
138.017926
119.228147
122.349366
116.677376
114.389002
109.556377
128.015345
115.719516
115.821296
126.437335
118.393176
114.339180
132.373359
130.233710
121.409887
137.866326
116.946923
129.721389
124.886561
131.069664
158.213972
147.967161
149.937407
140.786356
141.695835
144.455104
141.240487
150.828588
147.754556
144.630743
141.591105
143.660901
133.182127
138.106255
124.012298
130.551138
132.476762
123.098062
144.095570
143.265717
144.151513
141.826176
141.035769
132.847847
121.858995
146.066429
154.974522
155.044631
142.516869
144.863156
148.118403
137.509366
128.879994
116.829202
133.422106
135.376856
119.602882
128.729876
131.487820
132.456329
127.926103
119.358539
131.267509
129.908042
124.109460
134.768594
122.918242
117.070367
100.613731
120.852715
125.409924
120.976938
115.464154
120.994635
125.829745
121.083961
124.383591
130.797571
133.774049
140.107730
126.664273
131.756622
135.519187
133.896825
133.023916
131.116344
132.174826
132.488820
149.501649
145.676926
135.056063
140.699787
130.926843
127.260878
114.347744
120.019153
110.520409
112.893656
124.309423
127.794801
128.268922
125.979688
124.865682
147.516465
129.767066
132.655581
163.711445
129.400088
114.045361
118.244681
131.659325
127.324025
127.526002
119.954298
125.755390
130.731804
127.669037
120.829428
129.280745
139.530366
140.449948
130.343739
141.814304
132.387568
114.822213
125.063239
123.450037
129.212480
116.968550
