277.668481
254.963395
263.557309
239.756613
227.967582
237.069777
223.823701
210.341561
231.105467
234.124849
256.246625
257.147953
235.971002
227.587455
243.517446
260.315312
245.523979
252.711134
240.312884
217.464702
215.626438
233.370876
247.529734
246.170681
239.461382
247.529566
275.453880
254.202052
266.854910
268.190692
260.439758
240.645855
240.956196
243.558238
254.167808
263.954182
247.737900
235.559728
256.595641
259.981620
270.990424
272.435147
271.931571
267.580293
255.991729
257.335351
266.548693
263.813753
252.896523
245.398340
265.100793
251.974051
222.300277
241.068044
243.608889
226.642673
234.710192
246.386137
248.289141
251.544444
261.989894
250.374492
262.185909
234.029413
245.813823
263.204204
264.583895
261.054013
233.938335
227.010428
216.419911
226.447211
213.850826
221.741209
229.216071
234.190638
246.814457
253.035552
260.028680
263.909147
275.107683
265.368292
252.437752
254.414838
242.683828
243.942020
234.091721
244.785830
250.985478
245.904540
262.315008
242.590941
236.751907
239.764026
252.980887
273.789349
265.624087
259.332673
241.791355
238.291968
249.457374
258.161143
245.532518
238.624040
243.976617
241.261826
247.264051
263.376207
256.537726
245.288877
261.724036
253.060354
269.708327
264.267223
262.625060
238.409729
265.570668
258.349137
258.885230
264.245302
240.314801
247.385830
253.530031
254.103189
255.772835
242.434218
234.467459
260.836925
248.400567
265.299137
254.441139
236.221781
240.419128
258.662036
265.883016
275.891791
245.325806
264.345491
275.501210
258.298929
269.664891
302.030056
290.671928
275.903453
255.743825
253.944432
237.512493
259.358698
258.512032
267.089609
267.241190
262.422753
243.964874
245.337313
229.565440
251.190524
248.974093
245.717058
246.810558
254.476718
236.550082
236.523162
257.895153
252.480409
239.586767
247.889482
233.498462
244.748288
244.738364
264.951153
265.835445
271.052838
267.075930
267.703071
253.963291
245.258067
227.795892
230.884127
235.734458
255.891008
256.413628
266.855379
260.790801
240.004093
244.736117
257.164516
251.986857
241.292995
237.363003
256.465951
254.209630
255.222797
252.817672
253.261706
242.405115
243.062533
249.960227
267.164516
241.173517
240.452283
